.Random.seed <-
c(403L, 11L, 634079679L, -287448506L, -2071564080L, 1339886323L, 
-1304810479L, -1719395776L, 40828446L, 172431593L, 1418590747L, 
1706863146L, -620511924L, 1760354063L, -855195067L, -2014813188L, 
1784748626L, 43534285L, 1156395399L, -1045232530L, 1381735496L, 
169444939L, -1925612631L, -1910836488L, -1655581146L, 1760988993L, 
581571795L, -1947895678L, -617843020L, -668552649L, 521156909L, 
830675524L, 774039402L, -1190923307L, -1346337425L, 1483735158L, 
-734565472L, 724798563L, -1603569407L, -2072841104L, 1786851342L, 
224063609L, 1891135499L, -818413254L, -1387618244L, 207685503L, 
1833639125L, 1774944492L, -1977583038L, -1973723747L, -1003182057L, 
1695526270L, 1613370168L, 1787530267L, 481572217L, 1574003656L, 
-642314250L, -2102824399L, 124470371L, -1150505934L, 646097284L, 
169217991L, 337396381L, 1848173076L, -196570950L, -15483643L, 
532842207L, -1152103578L, 1889233648L, 2036333075L, -276016207L, 
-1989558688L, -235639810L, 1702908809L, -1059769157L, 1389228170L, 
-568847508L, -1583769361L, 285225765L, -555319844L, 1749871538L, 
-1377398099L, -779146649L, -1047627378L, -501182872L, 120625771L, 
-465292279L, -1718130024L, -291877434L, 575196449L, 1814486451L, 
1917770018L, 986780436L, -1803777129L, -546892915L, 1227165348L, 
1393893514L, 1000687349L, -1458554545L, -1653131690L, 2121043200L, 
-522610621L, -1869808671L, 64480080L, 645305774L, -761693351L, 
1596469611L, -1203652390L, 918712732L, -1903878753L, 108842997L, 
-173064564L, -214148254L, 707638077L, -1788935241L, 181618782L, 
1358423448L, -374222597L, -1067037543L, -22295256L, -2019984426L, 
-1831174063L, -1268878589L, -2098036078L, -808456156L, -58843417L, 
-381406403L, 448940980L, -503400422L, 1630653285L, -381200897L, 
1117837446L, 1330218000L, 9893555L, -1179310767L, -1950464L, 
-29898786L, 256394281L, 1910858715L, -1091143446L, -226470260L, 
978815439L, 1352039813L, 1580295740L, -232625390L, -1630566387L, 
668924743L, 1475916078L, 2014017672L, -1958666869L, 514647401L, 
306153272L, 1783368166L, 1664593281L, -540016365L, 1536368322L, 
1844320628L, -980532873L, 2061029997L, -1703224060L, 1649096746L, 
862950805L, -1626162641L, -1241315530L, 1309833056L, -2072765021L, 
-918513983L, -410194256L, -257668658L, 329391417L, -1372401333L, 
-1198050566L, 78914556L, -542555073L, 803978517L, 1726064172L, 
-788067582L, 647305181L, 1101578967L, -1585128002L, 254400504L, 
-1020210213L, -230855111L, 687765384L, -1324120266L, 1253782897L, 
1641688995L, 940775154L, 68017732L, -1435598585L, -262883107L, 
-664719916L, 1815650554L, 2073999429L, 98451615L, -1810109914L, 
1131830960L, -774438061L, 1631972977L, -1288449120L, 2134897470L, 
-12166583L, 1527410427L, -1611338038L, 430796844L, -1615919057L, 
1167505637L, 1621905820L, 1955920882L, -323549587L, -1344957529L, 
-654864946L, -1177302232L, -1265221333L, 1404074825L, -1777827752L, 
516175110L, 1888624865L, 551950451L, -323488542L, -1524022188L, 
-237180585L, -1554183859L, 1772956900L, -626388790L, -213353163L, 
2145129359L, -41056106L, 309794880L, 964364610L, 1522053376L, 
-1650328132L, -1567424176L, -576726750L, 1241995848L, 2085400588L, 
-1630615972L, 86419922L, -779594240L, -853269164L, -379425560L, 
-1179373318L, 582993616L, 1750362924L, -157437708L, 1287846290L, 
1530592608L, 994237452L, -491856672L, -1926081950L, 348685480L, 
-444326836L, -652589188L, 860936498L, 1656849008L, -968539324L, 
1539531736L, 539423610L, -638134224L, 1557262268L, 216904276L, 
-1890643902L, -205386080L, -1928510788L, -1560384560L, -359695006L, 
206163688L, 68414668L, -1983847940L, 1901018610L, 969450624L, 
-1251055116L, -1475016056L, 585898810L, -53195440L, -1750037396L, 
1821414804L, -239763374L, -1279599136L, 501077196L, -821707104L, 
1376661890L, -957847320L, -1645737236L, 1137878332L, 535367794L, 
1893151344L, 1744140836L, -2058541000L, 581003546L, -350690096L, 
-997447364L, 1650545556L, 1960085378L, 1112615872L, 528807484L, 
-1807375984L, -67438558L, 87151880L, -110385012L, -188305636L, 
-1408740206L, -1064020608L, -574111724L, 1944078120L, 177374778L, 
992104912L, 418330988L, 1663894452L, -2144302574L, 176728032L, 
-1107318324L, -597542688L, -1557705694L, 1869853480L, -444540404L, 
-292900036L, 1653551090L, -85777680L, 1810586180L, 130154072L, 
-859424966L, -609021968L, 1572266684L, -1365723884L, -681591614L, 
1903991904L, 1219454332L, 1341808592L, -1650126558L, -1931430232L, 
310613900L, 283223228L, 1119992626L, 992626240L, 1275511988L, 
376288328L, 2092774842L, 1308490256L, -1297720084L, -1855110828L, 
-1264045294L, -489378400L, 1967962828L, 714078816L, -1649029182L, 
1153807144L, -1490159188L, 1450483004L, -1767646350L, 1424272688L, 
-2032965852L, 1945716024L, -1570076966L, -1975410800L, -62743812L, 
-127214700L, -888179646L, -459344640L, 1297778748L, -1265320624L, 
-1568873310L, 1739991880L, -1945542900L, -1795817764L, 1463988050L, 
1639216768L, -423675820L, -1122270232L, 622242554L, -39529136L, 
-557973716L, 1833558900L, 384639890L, -273911200L, 611522444L, 
189904736L, 1970979810L, -1412703320L, 1150602444L, -251913732L, 
-1780910158L, -1180662288L, 1986307524L, 1255733592L, 40439162L, 
1319681456L, 1735582652L, -1854517164L, -98996286L, 1968168992L, 
384528572L, 835836496L, -1000167454L, 1283948136L, -1517498804L, 
-1921863428L, -1332283406L, 1740432640L, 1493705588L, 448438280L, 
368112058L, -929473072L, -219712532L, -431010924L, 287923154L, 
488482656L, 1210810700L, 1271066912L, -1022750846L, -1426323736L, 
-2078222100L, -2039982532L, 528708466L, -1257417104L, 1962763300L, 
1476013880L, -1390274406L, 2130800336L, 1852853436L, -1774400876L, 
528016002L, 584782016L, 974619964L, 265377936L, 1924847138L, 
1538535944L, 929119500L, 1960526492L, 945878546L, 1509235072L, 
51059220L, 846749224L, 1498145082L, -854283312L, 1528581740L, 
49267508L, -113646958L, 1337222496L, -409543348L, 2017784800L, 
1081298850L, 1055686568L, 1471440780L, -63468868L, 547308402L, 
275949808L, -2104241084L, 1897035096L, -1013583814L, -541830288L, 
-1296088004L, 1763396372L, 1660458434L, 333139168L, 1162780540L, 
-329716079L, 328492675L, 871659396L, -299995726L, 1816052487L, 
1384151377L, -2124652330L, -626758220L, -64984635L, -1986352881L, 
1763022728L, -995744090L, 1224734291L, 54503349L, -881212142L, 
-407822624L, -428334263L, 1149197691L, -776472500L, -1248509478L, 
1791507407L, 1111356825L, 921734574L, -850494788L, -436184275L, 
1832216791L, 2130481440L, 1141405310L, -495878069L, -714646963L, 
-210007942L, 1350678712L, 532224609L, -1732968429L, 2093821492L, 
-1700919230L, 1582819415L, 1808534433L, -1418204058L, -2085346204L, 
-1150976107L, 1975556287L, 1702930520L, -1163248522L, -1811725181L, 
-1348655931L, 1526931938L, 674596944L, 281213305L, -164594005L, 
-649071076L, -1354464950L, -1351642817L, -927860855L, 786249630L, 
1123771980L, -1775267811L, 781271463L, -1193384752L, -1378154898L, 
-178609893L, -438209923L, 481683562L, 1250178312L, -1587994191L, 
1576597027L, -543001820L, -1396304942L, 1094144039L, 985901681L, 
1698767030L, -420079532L, 882477285L, -1080212241L, 1163651112L, 
1531264134L, -52177229L, 779212821L, -1706108302L, 817325760L, 
1980111657L, 349608347L, 1038638700L, -1605434758L, 216286127L, 
1447188153L, 128342222L, -2144497124L, -1037846131L, -1612007433L, 
-2002298112L, 1348690270L, 1536959019L, -1948529363L, -65531494L, 
-1140248744L, 1408067265L, 32364915L, -1739681132L, 5834530L, 
1860772407L, -608573695L, -2032148986L, 669721668L, -2027629195L, 
1716205791L, -1408168904L, 432974870L, -2088711133L, 1532443621L, 
1059401218L, -1617574800L, 1296691737L, -2057774069L, -1834762500L, 
1914992426L, 7051615L, 1959784681L, 1062160382L, 88919020L, 1493008189L, 
930013959L, 1445706480L, 1810178702L, 484146363L, -2002085731L, 
1775723594L, -1657373080L, 1469936209L, -1436044989L, -1107023804L, 
-1560286478L, 1149121223L, 250613905L, 253828630L, -560210828L, 
-1697229051L, 417985871L, 215254856L, -1056993562L, -850907117L, 
